IS: 1.159032940864563
FID: 4.647171080298481
F_p: 0.7255151867866516
D_b: 46.394813537597656
